0.0485338
0.0410633
0.139855
0.0544541
-0.053528
0.0533813
-0.0371282
-0.00686096
0.0656754
-0.0472299
0.0429363
-0.222318
0.129808
0.100199
-0.167905
-0.131404
-0.0497887
-0.141344
-0.0636611
-0.03401
-0.160281
0.171853
-0.145841
0.0893181
0.192455
0.111147
-0.144674
-0.0161754
0.00520054
0.0584077
0.0588884
-0.163695
0.00118348
0.0511026
-0.157921
0.100372
-0.0695919
-0.126236
-0.0137954
-0.0548483
-0.167696
0.0409446
-0.0831125
0.132259
0.0681335
-0.0206149
-0.0687827
0.0398669
-0.193534
0.0212537
0.169356
-0.0942329
-0.163738
-0.0520082
-0.168433
0.0475805
0.0624528
-0.0633968
0.175565
0.0769621
-0.00472946
-0.202112
0.0668536
-0.0527753
0.143403
-0.0364476
0.0315465
-0.0641813
-0.201503
-0.0874531
0.0840031
-0.165811
0.0976707
0.0850881
-0.0767337
0.0999889
0.116922
0.113449
-0.0740322
0.0438469
0.0303452
-0.0117722
0.0407939
-0.117675
-0.0459547
0.0422459
-0.132892
-0.185527
-0.0287059
0.139737
-0.0883934
0.0555739
0.109031
0.0687945
-0.00804529
0.0336447
-0.136229
0.0734431
0.0692081
0.122563
0.00983252
-0.0809588
-0.0175641
-0.0406813
-0.000705443
-0.0676623
0.0169217
-0.0105931
0.0911984
0.105903
0.111735
0.0353284
-0.0108683
0.095739
-0.227262
-0.0563384
-0.0299187
-0.180493
-0.0282609
-0.218447
0.239577
-0.0248356
0.0363515
-0.130177
-0.0104439
-0.0198468
-0.0507193
-0.126209
-0.0851986
0.0200735
-0.123353
-0.0455534
0.11702
-0.18482
-0.00422176
-0.119795
-0.155239
0.035414
-0.0175709
0.0846972
0.117144
-0.092738
0.0867098
-0.0460844
0.103761
-0.00227499
0.0965155
-0.114434
0.0501978
0.145166
-0.103611
0.00860125
-0.114721
0.114117
-0.0141163
0.0906566
-0.0760608
-0.0309155
0.100646
0.00885929
0.01967
-0.0853245
-0.113465
-0.0844259
0.0166951
-0.0215325
0.0630365
-0.0493173
0.0727591
0.00208258
-0.0706587
0.0210954
-0.0737331
-0.0981273
-0.0277262
-0.270832
-0.240443
0.0908938
0.0370106
0.0400529
-0.130878
-0.0502124
-0.060659
-0.220027
0.0710706
0.00514201
0.0629369
0.0150083
-0.190945
0.170626
0.034376
-0.140952
-0.0453173
-0.0622749
-0.147502
0.145149
-0.0274895
-0.245229
0.0938812
-0.22977
0.0132231
0.124503
0.0775905
-0.0904967
0.0367659
0.0969262
0.123677
0.0103666
0.0725769
-0.159417
0.0843618
-0.100397
-0.0157114
-0.152144
-0.106307
0.0237917
0.0665191
-0.214746
0.0689619
-0.0100095
0.0260715
0.0984372
0.152885
0.124955
0.114972
-0.109927
-0.0547824
0.214606
0.128017
-0.116223
-0.102323
-0.063238
0.0652711
-0.00350279
0.0982028
0.0945841
-0.100263
-0.0850343
-0.171357
0.0893589
0.035249
-0.145349
-0.0404953
-0.0508017
-0.0823889
-0.107984
0.0412138
0.110519
0.211169
0.0797084
0.083226
-0.201593
-0.122526
-0.109323
-0.0744055
0.160066
0.119484
0.197527
-0.045628
0.0674974
-0.109898
-0.229234
0.0519595
0.0676321
-0.00454034
0.00274047
-0.153745
-0.0953572
0.0784808
0.12957
-0.164039
0.154003
-0.0893329
-0.123985
0.0847173
0.111962
-0.0139884
-0.0476585
0.204519
-0.0584549
-0.0881824
-0.0885408
0.029856
0.115629
-0.0305834
0.124718
-0.0589742
-0.0613674
0.0563206
-0.0705385
-0.0711409
-0.0562292
0.0519115
-0.00693059
0.14068
0.120635
-0.000634021
0.0681163
-0.0188442
-0.0504635
-0.135387
0.0468407
0.0167127
-0.0849444
0.00387388
0.0397479
0.0724021
-0.181141
0.0893758
0.0622132
-0.0608446
0.0674416
-0.0904573
-0.00697535
0.154644
-0.0343724
-0.0554769
-0.102357
0.0113685
-0.0224911
0.0220908
0.0535096
0.149441
0.150806
-0.0398772
-0.133935
0.0482965
-0.06983
0.121931
-0.028826
-0.0262937
0.103737
-0.00631912
0.115018
-0.00447092
-0.0846021
-0.126967
0.0245847
0.0217604
-0.0963842
-0.197855
-0.056228
0.138397
0.0644913
-0.0706083
-0.0543938
0.056711
0.0501963
0.0620178
-0.132442
0.0973879
0.0258025
-0.0257968
0.0427347
0.188034
-0.15784
0.142406
-0.0241939
0.00427911
-0.0908427
-0.0247074
0.0940159
0.187562
-0.196222
0.0453849
-0.0364703
0.0843827
0.0230907
-0.107013
0.00185401
0.0221222
0.0766557
-0.147522
-0.0303043
-0.171132
0.0811398
0.0488468
0.0345915
-0.0431771
0.0404784
-0.146889
-0.11218
0.00896538
0.146085
-0.0108853
0.12353
-0.126626
0.0743667
0.0591047
0.123806
-0.0272645
-0.00126651
-0.0924471
-0.0867945
-0.0697437
-0.23239
-0.104295
0.0952787
0.034278
0.0923123
-0.0436396
-0.00914937
0.101625
-0.123714
0.0709409
0.00187989
0.0964183
0.0441801
0.0247597
0.170718
0.00934243
0.0312087
0.082954
-0.0794309
0.0671581
0.112298
0.067115
-0.17139
-0.0362942
-0.16166
0.0508796
-0.19562
-0.0877263
-0.0721331
-0.104283
0.0591291
0.0118627
-0.042677
0.0430252
0.0609464
0.0721795
0.153375
-0.062203
-0.117581
0.163897
0.0898311
0.149201
-0.0845915
0.0961511
0.01576
-0.0287172
-0.140259
0.0407824
-0.0516539
0.101192
-0.171027
-0.0305971
0.0752288
-0.109249
0.0709961
0.197986
-0.0616674
0.097608
-0.177323
-0.0724435
-0.0867309
-0.0192736
0.0134332
0.0947248
0.0369715
0.124932
-0.156532
0.0435456
0.0157846
-0.00391453
-0.0968159
-0.0239535
-0.0228751
0.120108
-0.0691228
-0.106445
0.0357618
-0.19454
0.0454324
-0.139793
0.0370856
-0.130751
-0.0164993
0.00440256
0.0169626
0.0231102
0.204722
0.129033
-0.114326
0.00863318
0.13993
-0.0430617
0.0022764
-0.0241566
-0.0763352
-0.0316157
-0.0389049
0.00710423
-0.0925848
-0.0665437
-0.193633
0.0183734
-0.0915288
-0.0230365
-0.1792
0.105051
-0.00231698
0.144043
-0.135989
-0.148226
0.0624607
-0.160995
0.0381937
0.113196
-0.164347
-0.197277
0.103242
-0.0434198
0.115546
-0.131028
-0.208371
-0.085759
-0.105985
-0.0829808
-0.172854
-0.130494
0.0384981
-0.000940871
-0.166187
0.0454356
-0.0230356
0.00405215
0.00216784
-0.0643081
-0.0916125
0.0526891
-0.0533807
0.107062
0.144033
-0.114925
0.134359
-0.113053
0.0805887
0.024953
-0.0952304
-0.0376332
-0.131278
0.0740918
-0.040204
0.116544
0.0601469
-0.0597579
0.0202525
0.00461952
0.076244
-0.0761293
-0.0287672
0.0882205
-0.19504
-0.019121
-0.0208691
0.0817787
-0.0731527
0.080467
-0.0151423
-0.00691305
-0.133578
-0.017106
-0.00838609
0.105982
-0.0854335
-0.171656
-0.0852891
0.104563
-0.0462413
-0.21336
0.138494
-0.0784589
-0.11078
-0.11147
0.0603818
0.0689301
-0.160518
-0.0649038
-0.0216387
0.0332374
-0.173947
-0.198081
-0.117182
-0.0155344
0.0284596
0.0424677
-0.0530089
-0.188099
0.0818354
-0.165125
0.115635
0.156876
0.112926
0.116306
0.0127338
-0.0654753
0.158468
0.0220324
0.155971
-0.224563
0.113772
0.0590891
-0.0813689
0.05911
0.0311066
-0.0760159
-0.0294537
0.083394
0.0619081
-0.04026
-0.0171711
-0.110746
0.076905
0.125808
0.03363
-0.139357
0.0962651
-0.0293933
0.0500519
0.00961736
0.0904415
0.0352184
0.024555
-0.115878
0.00976746
0.00968968
-0.193669
-0.0555559
0.0193113
0.0273549
0.100264
0.166308
0.113623
-0.0689787
-0.146105
0.0407148
0.162068
0.0571713
0.0187284
0.032329
-0.0705223
0.0175535
0.0122013
-0.181326
0.041976
-0.0994067
-0.0595216
0.0794188
-0.0386073
0.184149
-0.108859
-0.0716499
-0.0346252
-0.0232515
0.0279609
-0.11883
-0.0072786
0.0745701
-0.0364891
-0.110859
0.0404924
0.0500484
-0.0184526
-0.0453842
0.198473
-0.0700817
0.0871272
0.028106
0.115071
0.0176612
-0.0936619
0.0172381
0.0331713
0.0503925
-0.0138068
0.0124773
-0.0399399
0.0205389
0.0411809
0.0798591
-0.0531619
-0.0852687
-0.0182165
-0.118611
-0.028013
-0.00723536
-0.014607
0.0337868
0.0309693
-0.119607
0.0319645
-0.0950087
-0.0982696
0.101659
-0.0565951
0.117942
-0.188611
-0.222707
-0.120751
0.126302
-0.11208
-0.0690665
-0.045559
0.126402
0.0603623
0.0432909
0.109103
-0.246489
-0.042674
-0.0649739
-0.134478
-0.144986
-0.075646
0.0266873
0.0404347
-0.0711138
0.0274778
0.110521
-0.160852
0.055897
-0.0697109
0.18473
-0.0439453
0.0837625
-0.0813389
-0.0830331
-0.00268361
-0.086901
-0.126968
0.0274217
-0.0937151
0.00643766
-0.130842
0.10667
0.00266773
0.169916
-0.0667517
0.0208367
0.0157437
0.0436295
-0.074033
0.048341
0.162972
0.0816494
-0.109421
-0.0528175
-0.00493731
-0.0319195
0.0695269
-0.048863
0.00896007
-0.0072494
0.0278473
-0.0651734
0.013154
-0.251597
0.0395322
-0.0588799
0.0168541
-0.116052
0.0810683
0.0563477
0.18294
-0.0188378
0.142588
0.196732
-0.061769
0.0308554
-0.108184
-0.0929151
0.048176
0.0226926
-0.15102
-0.0499597
0.192663
0.157029
0.147771
0.012091
0.0832151
-0.036137
0.1222
0.11959
0.141193
-0.125589
-0.0790526
-0.0728408
0.111426
-0.0754991
-0.0174852
0.0764456
0.0811135
-0.0370221
0.0138749
-0.0767821
0.108912
-0.0737798
0.0744093
0.0385642
0.00550489
0.146479
-0.0206159
0.185025
-0.178648
0.0642027
-0.202517
-0.0332115
0.0175831
0.0154498
0.0521053
-0.189753
-0.0647028
0.0151816
0.056634
-0.116696
0.0281951
-0.068374
0.102877
-0.0795905
-0.103369
0.089366
-0.13389
0.138023
-0.00354194
-0.0345496
-0.134388
-0.070567
0.0692635
0.166405
0.051243
0.0756961
0.0210519
0.00103412
-0.0284466
-0.0785029
-0.0461964
-0.127022
0.0564281
-0.0878788
-0.0210906
-0.15147
0.113701
0.0802547
0.0404186
-0.0513089
0.190107
0.0829972
-0.0708962
-0.10474
-0.130745
-0.143488
-0.0444965
-0.156186
0.0206561
0.072563
-0.126119
-0.0132173
0.0804574
-0.0761122
-0.0391774
-0.0518092
-0.199685
-0.0339331
0.0878759
0.106799
0.0260748
0.143767
0.0336599
0.116427
0.14793
0.0933093
0.0698835
0.152825
0.0530099
0.0505764
0.0180084
-0.112024
-0.109213
0.0382267
-0.0797602
-0.0709874
-0.177431
-0.120543
0.160464
-0.132021
0.0292477
0.0779403
-0.041054
0.0581555
0.1968
0.0262341
0.163961
-0.0643936
-0.00330933
0.0498167
-0.113921
-0.141521
-0.00778587
0.0582224
-0.117374
0.110283
0.070843
-0.0762009
0.132116
0.141771
-0.0306813
0.00818145
-0.193214
-0.0110019
-0.0413571
0.0419628
0.152758
-0.135046
-0.0409704
0.0887318
-0.10354
0.0570507
-0.180746
-0.106782
0.0315834
-0.0259257
-0.231819
-0.132738
-0.0140165
-0.0281421
-0.00371182
0.10532
0.0693719
-0.00894522
-0.0862322
0.0695639
-0.0184422
-0.0239337
0.0354467
-0.0649157
0.0558056
0.0504876
-0.179061
-0.0540162
-0.0508465
-0.124495
-0.0552451
-0.018748
0.0301928
-0.000365554
0.0882045
-0.117039
0.122493
0.194164
-0.0411267
0.0116918
-0.132212
-0.123329
-0.100894
0.0341922
-0.104178
0.105689
-0.197857
0.0204712
0.0491534
0.0635889
0.140867
0.110498
0.187961
-0.0952507
-0.103613
-0.13139
-0.112241
-0.0707977
-0.153199
-0.015289
0.0476868
-0.00173975
0.0788454
0.0481716
-0.156095
0.0956164
-0.131555
-0.0725225
-0.218459
0.1463
0.142829
0.0117053
-0.0897049
-0.136097
-0.0916582
-0.148955
0.000946854
-0.117981
0.110267
0.155852
-0.0093387
0.102585
0.144602
-0.0827127
-0.0118925
0.0144636
-0.10974
0.0630385
0.0117364
-0.0870316
-0.0729924
0.104238
-0.0104268
-0.00414452
-0.107927
-0.0477589
-0.00702916
0.0905173
-0.148468
-0.109961
0.187013
-0.089224
0.0410289
-0.123518
-0.0779824
0.0775142
-0.118324
-0.0528884
-0.0287704
-0.019602
-0.0673594
0.0341016
-0.19832
0.0409077
0.000913222
0.0299156
0.103925
-0.16389
-0.0828825
-0.169226
0.0607677
0.0195404
0.0374554
-0.126043
-0.049812
0.0372172
-0.045933
0.026571
0.029501
0.0891394
0.228203
-0.196026
-0.235608
-0.145671
0.0381691
0.000199409
-0.0592274
0.00977203
-0.0453915
-0.0447032
-0.164167
-0.124441
0.0825633
0.0958382
0.128115
-0.185692
-0.131623
0.0823854
0.0471046
0.0939599
-0.0201882
-0.156858
-0.112853
-0.203407
0.0210064
-0.0712659
0.16653
-0.176831
0.0266213
-0.0124388
0.125777
-0.0266762
0.0165313
0.131783
-0.0542778
-0.037592
0.237158
-0.0912806
-0.0267099
0.0712436
-0.0161195
-0.00272632
-0.14151
-0.0101903
-0.090321
-0.0891599
-0.00947945
-0.153197
0.101061
0.0651976
-0.0256378
0.0948799
-0.110306
-0.144377
-0.0206007
0.189365
-0.153356
0.0183208
0.0524363
-0.136983
0.0165831
0.0889458
-0.175563
-0.2052
0.101132
0.0954207
-0.163644
-0.150615
-0.0181854
-0.124483
0.154025
-0.152616
-0.0411211
0.0125131
0.0536506
0.0132738
-0.00944277
0.0707785
0.0260846
-0.0120396
-0.0538241
0.0750446
0.0788035
-0.0995832
0.0177943
-0.0281536
-0.191522
0.125742
-0.0625035
0.0191679
-0.103297
0.065497
-0.122453
0.00159238
-0.0681956
-0.124215
0.148441
0.0632101
0.10971
-0.10876
0.0945452
0.0218164
0.0148791
-0.147088
-0.0895107
-0.0651754
-0.0249234
-0.100926
0.114431
-0.0563018
-0.071319
-0.0756468
-0.0333983
0.0536638
0.0936285
-0.0337933
0.161847
0.0952724
-0.194968
0.0267116
0.182871
-0.0283418
-0.120079
0.0720714
-0.0640768
0.160993
-0.0387992
-0.0960867
-0.0337022
-0.000975304
-0.00713998
-0.0726734
0.13647
0.045355
-0.0570826
0.0831927
0.0950032
0.0305597
0.158462
0.0315663
0.0836083
-0.077253
-0.086625
-0.0938623
0.0849187
0.0959259
-0.138885
0.0403997
-0.212608
-0.0334822
0.00167396
0.129886
-0.0606495
0.0432097
-0.193166
0.103003
-0.00151737
0.149403
-0.0740339
0.0586072
-0.0723766
-0.0899337
0.126724
0.0027229
-0.0102209
0.17346
-0.0866123
0.100732
-0.0579679
0.158959
-0.030149
-0.0882115
-0.115135
0.104741
0.0645863
0.0304119
-0.171062
-0.149534
0.042946
0.109246
0.0786526
-0.0941582
0.0924343
-0.104098
0.0379516
0.194909
-0.100402
-0.0499628
-0.153334
0.0662811
-0.0841983
0.0359257
0.123092
0.127371
0.144071
-0.0378593
0.0833428
0.0572443
0.0410636
0.106797
0.0521253
-0.0372798
0.102572
-0.0449668
0.061347
-0.0443442
0.121309
-0.0504926
-0.0129414
-0.141254
0.118503
-0.0128373
0.128328
-0.0216956
-0.139348
-0.126296
-0.0084256
-0.0759737
0.0246752
-0.0386847
0.0101004
0.0243442
1.45062e-05
-0.0342345
0.00815043
-0.0643974
-0.0428086
-0.00206189
0.105501
-0.149239
0.0762207
-0.0954893
-0.0442446
0.134535
0.0153826
-0.148841
0.0236778
-0.108339
0.108859
