0.0960432
0.0989474
0.102306
0.10111
0.107115
0.103756
0.0927614
0.0947268
0.0917244
0.0890759
0.0910875
0.110267
0.102877
0.0936838
0.103405
0.0998783
0.0966586
0.105377
0.109761
0.100418
0.105849
0.10065
0.0938527
0.0994705
0.0987017
0.0974587
0.0941324
0.0988578
0.0874349
0.0940157
0.0981638
0.0955463
0.087444
0.0985716
0.0982926
0.103409
0.105482
0.0955652
0.0941729
0.105685
0.0933422
0.105465
0.0999283
0.113037
0.0998621
0.0988913
0.0969618
0.104452
0.100609
0.0907258
0.0990742
0.107734
0.104753
0.100402
0.0931689
0.101883
0.0904849
0.111898
0.110722
0.101557
0.10695
0.102081
0.0932998
0.090397
0.0951332
0.10392
0.0993702
0.0872607
0.0973097
0.108025
0.107042
0.10147
0.0945806
0.0956306
0.091884
0.103082
0.10096
0.107221
0.104215
0.101063
0.0957912
0.10072
0.105068
0.102854
0.0988977
0.105314
0.0968965
0.10272
0.0972738
0.0947495
0.0976995
0.101294
0.102918
0.100104
0.0924685
0.0960429
0.0944973
0.105185
0.107165
0.0935125
0.0950443
0.112093
0.106796
0.0944219
0.107918
0.0880766
0.107629
0.104348
0.101178
0.1
0.0960668
0.112156
0.0934618
0.0994967
0.102128
0.103129
0.108567
0.1
0.10929
0.0942319
0.0907299
0.100258
0.106659
0.0948056
0.110183
0.093696
0.0950206
0.101745
