-0.0577605
0.253863
0.000103557
0.0198146
-0.0739223
-0.130601
0.00869597
-0.0806764
-0.0523134
0.090305
-0.0599478
-0.0247531
0.0921713
-0.0457698
0.0703378
-0.0711619
-0.0514283
0.146635
0.0377784
-0.016743
-0.0349403
0.0253475
0.0299988
0.0931909
0.00840962
-0.068726
0.217451
-0.0250376
-0.0117118
0.17465
-0.11217
0.200666
0.00556585
0.0455263
0.0349612
0.144479
-0.0593228
0.14528
-0.091464
-0.0264581
0.0194466
0.0206882
0.102224
0.148088
0.0380567
0.159305
0.00968549
0.187755
-0.0275855
-0.017821
0.0601766
0.0808327
0.0309961
0.0855629
-7.14628e-06
-0.0413182
-0.146654
0.0202995
-0.00206406
-0.0461477
0.21328
0.0966882
-0.0773198
0.0790617
0.0726503
0.117274
-0.0485343
0.0187071
0.00084452
0.124703
-0.0259119
-0.155337
-0.0220327
-0.158341
0.013802
-0.227102
0.101701
-0.0609548
0.107425
0.157544
0.0492349
-0.0319607
0.136712
-0.0444568
-0.0394391
0.100585
-0.131472
0.0679308
0.043951
0.00789893
0.0497354
-0.058281
0.114995
0.0939071
-0.166376
0.170773
0.0197774
0.13525
0.0389211
0.0264984
-0.0306568
0.237728
-0.0232616
-0.154588
-0.0116862
0.126096
0.0974867
0.0622677
0.0888361
0.145155
-0.199188
0.0257691
-0.033074
-0.0568045
0.0219988
0.150138
0.0624304
0.141405
-0.0810302
0.0958642
0.0163508
0.0555097
-0.0229371
0.0120507
0.00317541
0.0831483
-0.0414325
0.0372657
0.142498
-0.0418552
-0.112473
0.247195
-0.00813845
-0.0166053
-0.26345
-0.167261
-0.162597
0.102079
0.192045
0.0861757
0.00970701
0.119632
0.115653
0.162293
0.0889098
0.0602803
-0.0817811
0.202461
-0.0867243
0.141294
-0.204234
-0.0526941
0.00613939
-0.0895618
0.0873614
-0.0520314
-0.0477065
-0.0171279
0.0809797
0.218275
0.0507912
0.066304
0.178866
-0.0362358
-0.0876691
-0.0254342
-0.074332
0.0659774
0.123896
-0.0271289
-0.00136439
0.132777
-0.0852777
0.07928
-0.0204073
0.212695
0.163356
-0.079519
-0.00207592
0.00304872
-0.00458449
0.214774
-0.179157
-0.0418795
0.0603145
0.0530409
0.0255883
0.0749708
-0.153752
0.108107
-0.00877568
0.123028
0.0203527
0.000967443
0.127249
0.159298
0.0598839
-0.0348671
-0.0163895
-0.0199549
-0.117904
-0.183841
0.162919
0.0478184
0.00374371
0.165634
0.0818889
-0.0267346
0.144175
-0.0840727
0.218261
0.0274343
0.071627
-0.149388
-0.0289447
-0.114793
-0.26015
0.0111527
0.0173827
0.000551361
-0.16852
-0.14283
-0.0987257
-0.0111573
0.0810754
0.117653
0.11815
0.08809
0.0562923
-0.0648097
-0.11229
-0.0880418
-0.0878434
-0.132178
0.061092
0.151362
-0.109613
-0.0398311
0.10384
0.0695585
-0.0223651
0.00565124
0.122341
0.1723
0.175925
0.117813
0.0678776
0.12773
-0.0312629
-0.0392439
-0.136841
0.182703
-0.0964235
0.043113
0.0254417
0.0690731
0.125852
-0.0565624
0.0878453
-0.0412378
0.156862
-0.0340955
0.0687285
-0.0772959
0.210202
0.0844612
-0.124244
0.0315177
-0.0844885
-0.050963
0.166504
0.0300813
0.212556
0.0752448
-0.0275848
0.113151
0.131118
0.0572454
-0.0765495
0.0420139
-0.122848
-0.0529543
-0.111418
0.072617
-0.256494
-0.0123895
0.0106548
0.0271143
0.164833
-0.0318527
0.19006
-0.22076
0.247588
-0.00772871
0.081539
0.0875673
-0.095066
-0.0133199
-0.0169262
-0.0622262
-0.0692543
0.0532481
0.0131007
-0.034003
0.0760879
0.0889401
0.0100327
-0.199739
-0.0737294
0.0145399
0.148189
-0.156763
-0.0968206
0.00530139
0.0338101
-0.136832
-0.0568089
0.0241961
0.0607102
-0.100994
-0.0175979
0.0437469
0.16635
-0.0491631
0.100129
0.140481
0.0606677
0.0229535
0.147559
-0.0207941
-0.136831
0.120489
-0.172195
-0.064002
0.096261
-0.0821673
0.00820382
0.0470106
-0.0237236
0.0139112
0.134945
0.235064
0.0202954
-0.0131333
0.250413
-0.0394867
-0.0730091
0.110325
-0.0244916
0.0348547
0.144625
-0.0248868
0.0590928
-0.0589622
-0.0566313
-0.199749
0.14348
0.0136882
0.0565793
0.11196
0.187916
0.139594
-0.233072
0.166435
-0.00560225
-0.00168005
-0.0478992
-0.0153914
0.120599
0.126687
0.189693
-0.122626
0.143036
0.0114066
0.131705
0.0583427
-0.0597482
-0.0728163
0.048825
-0.0401313
0.0116074
0.18405
0.21459
-0.0512127
0.0990985
-0.163644
-0.0190693
0.0317508
0.0531345
-0.134761
0.0464382
-0.0262128
-0.110516
0.03641
-0.118956
0.102235
-0.0602503
-0.026209
-0.122238
0.0510839
